99  84
33  14
93  18
34  4
48  7
49  22
23  53
49  38
17  23
90  82
32  80
73  60
62  80
18  59
40  64
70  8
2  97
72  66
79  30
85  57
14  37
33  74
26  11
95  30
88  2
26  88
45  65
60  18
93  14
57  61
20  69
46  99
73  53
80  35
29  16
1  79
55  16
76  92
40  41
82  90
89  89
54  29
46  28
52  69
54  89
35  60
97  28
2  40
20  38
3  81
58  55
59  31
88  70
63  80
5  46
51  46
45  49
39  44
5  95
79  22
83  14
88  58
45  88
65  83
67  68
61  85
95  48
67  5
34  75
76  3
37  73
91  95
49  95
25  40
30  6
10  25
98  1
3  36
80  65
67  60
35  56
21  35
20  17
97  2
99  82
12  66
68  57
7  58
8  20
50  79
79  81
47  92
34  18
75  46
64  60
80  50
27  77
57  43
49  7
57  63
73  36
15  63
93  37
76  80
57  48
4  59
91  36
65  1
86  39
32  86
77  54
82  84
0  51
20  24
4  40
48  38
76  17
88  43
57  46
81  43
64  0
39  96
58  70
51  92
4  41
72  69
23  19
49  31
4  28
97  6
63  42
35  86
92  34
98  28
94  90
16  78
33  74
43  8
62  39
33  2
54  21
41  72
65  9
28  51
70  4
51  50
64  93
18  52
20  28
29  43
34  24
73  46
1  66
11  96
67  24
61  61
93  63
83  87
19  96
66  15
53  93
79  25
45  17
25  60
4  63
49  42
87  80
65  21
50  99
59  59
30  4
3  87
73  85
77  60
14  52
